{
 "cells": [
  {
   "cell_type": "code",
   "execution_count": 1,
   "id": "39211d53",
   "metadata": {},
   "outputs": [
    {
     "data": {
      "text/html": [
       "<div>\n",
       "<style scoped>\n",
       "    .dataframe tbody tr th:only-of-type {\n",
       "        vertical-align: middle;\n",
       "    }\n",
       "\n",
       "    .dataframe tbody tr th {\n",
       "        vertical-align: top;\n",
       "    }\n",
       "\n",
       "    .dataframe thead th {\n",
       "        text-align: right;\n",
       "    }\n",
       "</style>\n",
       "<table border=\"1\" class=\"dataframe\">\n",
       "  <thead>\n",
       "    <tr style=\"text-align: right;\">\n",
       "      <th></th>\n",
       "      <th>Wine</th>\n",
       "      <th>Alcohol</th>\n",
       "      <th>Malic.acid</th>\n",
       "      <th>Ash</th>\n",
       "      <th>Acl</th>\n",
       "      <th>Mg</th>\n",
       "      <th>Phenols</th>\n",
       "      <th>Flavanoids</th>\n",
       "      <th>Nonflavanoid.phenols</th>\n",
       "      <th>Proanth</th>\n",
       "      <th>Color.int</th>\n",
       "      <th>Hue</th>\n",
       "      <th>OD</th>\n",
       "      <th>Proline</th>\n",
       "    </tr>\n",
       "  </thead>\n",
       "  <tbody>\n",
       "    <tr>\n",
       "      <th>0</th>\n",
       "      <td>1</td>\n",
       "      <td>14.23</td>\n",
       "      <td>1.71</td>\n",
       "      <td>2.43</td>\n",
       "      <td>15.6</td>\n",
       "      <td>127</td>\n",
       "      <td>2.80</td>\n",
       "      <td>3.06</td>\n",
       "      <td>0.28</td>\n",
       "      <td>2.29</td>\n",
       "      <td>5.64</td>\n",
       "      <td>1.04</td>\n",
       "      <td>3.92</td>\n",
       "      <td>1065</td>\n",
       "    </tr>\n",
       "    <tr>\n",
       "      <th>1</th>\n",
       "      <td>1</td>\n",
       "      <td>13.20</td>\n",
       "      <td>1.78</td>\n",
       "      <td>2.14</td>\n",
       "      <td>11.2</td>\n",
       "      <td>100</td>\n",
       "      <td>2.65</td>\n",
       "      <td>2.76</td>\n",
       "      <td>0.26</td>\n",
       "      <td>1.28</td>\n",
       "      <td>4.38</td>\n",
       "      <td>1.05</td>\n",
       "      <td>3.40</td>\n",
       "      <td>1050</td>\n",
       "    </tr>\n",
       "    <tr>\n",
       "      <th>2</th>\n",
       "      <td>1</td>\n",
       "      <td>13.16</td>\n",
       "      <td>2.36</td>\n",
       "      <td>2.67</td>\n",
       "      <td>18.6</td>\n",
       "      <td>101</td>\n",
       "      <td>2.80</td>\n",
       "      <td>3.24</td>\n",
       "      <td>0.30</td>\n",
       "      <td>2.81</td>\n",
       "      <td>5.68</td>\n",
       "      <td>1.03</td>\n",
       "      <td>3.17</td>\n",
       "      <td>1185</td>\n",
       "    </tr>\n",
       "    <tr>\n",
       "      <th>3</th>\n",
       "      <td>1</td>\n",
       "      <td>14.37</td>\n",
       "      <td>1.95</td>\n",
       "      <td>2.50</td>\n",
       "      <td>16.8</td>\n",
       "      <td>113</td>\n",
       "      <td>3.85</td>\n",
       "      <td>3.49</td>\n",
       "      <td>0.24</td>\n",
       "      <td>2.18</td>\n",
       "      <td>7.80</td>\n",
       "      <td>0.86</td>\n",
       "      <td>3.45</td>\n",
       "      <td>1480</td>\n",
       "    </tr>\n",
       "    <tr>\n",
       "      <th>4</th>\n",
       "      <td>1</td>\n",
       "      <td>13.24</td>\n",
       "      <td>2.59</td>\n",
       "      <td>2.87</td>\n",
       "      <td>21.0</td>\n",
       "      <td>118</td>\n",
       "      <td>2.80</td>\n",
       "      <td>2.69</td>\n",
       "      <td>0.39</td>\n",
       "      <td>1.82</td>\n",
       "      <td>4.32</td>\n",
       "      <td>1.04</td>\n",
       "      <td>2.93</td>\n",
       "      <td>735</td>\n",
       "    </tr>\n",
       "  </tbody>\n",
       "</table>\n",
       "</div>"
      ],
      "text/plain": [
       "   Wine  Alcohol  Malic.acid   Ash   Acl   Mg  Phenols  Flavanoids  \\\n",
       "0     1    14.23        1.71  2.43  15.6  127     2.80        3.06   \n",
       "1     1    13.20        1.78  2.14  11.2  100     2.65        2.76   \n",
       "2     1    13.16        2.36  2.67  18.6  101     2.80        3.24   \n",
       "3     1    14.37        1.95  2.50  16.8  113     3.85        3.49   \n",
       "4     1    13.24        2.59  2.87  21.0  118     2.80        2.69   \n",
       "\n",
       "   Nonflavanoid.phenols  Proanth  Color.int   Hue    OD  Proline  \n",
       "0                  0.28     2.29       5.64  1.04  3.92     1065  \n",
       "1                  0.26     1.28       4.38  1.05  3.40     1050  \n",
       "2                  0.30     2.81       5.68  1.03  3.17     1185  \n",
       "3                  0.24     2.18       7.80  0.86  3.45     1480  \n",
       "4                  0.39     1.82       4.32  1.04  2.93      735  "
      ]
     },
     "execution_count": 1,
     "metadata": {},
     "output_type": "execute_result"
    }
   ],
   "source": [
    "import boto3\n",
    "import pandas as pd\n",
    "import numpy as np\n",
    "import matplotlib.pyplot as plt\n",
    "from sklearn.model_selection import train_test_split\n",
    "from sklearn.preprocessing import MinMaxScaler\n",
    "from sklearn.multiclass import OneVsRestClassifier, OneVsOneClassifier\n",
    "from sklearn.tree import DecisionTreeClassifier\n",
    "from sklearn.svm import SVC\n",
    "\n",
    "## Defining the s3 bucket\n",
    "s3 = boto3.resource('s3')\n",
    "bucket_name = 'data-448'\n",
    "bucket = s3.Bucket(bucket_name)\n",
    "\n",
    "## Defining the file to be read from s3 bucket\n",
    "file_key = 'Chapter2/wine.csv'\n",
    "\n",
    "bucket_object = bucket.Object(file_key)\n",
    "file_object = bucket_object.get()\n",
    "file_content_stream = file_object.get('Body')\n",
    "\n",
    "## Reading the csv file\n",
    "wine = pd.read_csv(file_content_stream)\n",
    "wine.head()"
   ]
  },
  {
   "cell_type": "code",
   "execution_count": 2,
   "id": "b64487a5",
   "metadata": {},
   "outputs": [
    {
     "data": {
      "text/plain": [
       "2    71\n",
       "1    59\n",
       "3    48\n",
       "Name: Wine, dtype: int64"
      ]
     },
     "execution_count": 2,
     "metadata": {},
     "output_type": "execute_result"
    }
   ],
   "source": [
    "wine['Wine'].value_counts()"
   ]
  },
  {
   "cell_type": "markdown",
   "id": "6fdb8436",
   "metadata": {},
   "source": [
    "## Data Splitting"
   ]
  },
  {
   "cell_type": "code",
   "execution_count": 5,
   "id": "2ecd07d8",
   "metadata": {},
   "outputs": [],
   "source": [
    "## Defining input and target variables\n",
    "X = wine.drop(columns = 'Wine', axis = 1)\n",
    "Y = wine['Wine']\n",
    "\n",
    "X_train, X_test, Y_train, Y_test = train_test_split(X, Y, test_size = 0.2, stratify = Y)\n",
    "\n",
    "## Standardizing the data \n",
    "scaler = MinMaxScaler()\n",
    "X_train = scaler.fit_transform(X_train)\n",
    "X_test = scaler.fit_transform(X_test)"
   ]
  },
  {
   "cell_type": "markdown",
   "id": "c3b680e1",
   "metadata": {},
   "source": [
    "## One-vs-all Classifier"
   ]
  },
  {
   "cell_type": "code",
   "execution_count": 6,
   "id": "1f94e67a",
   "metadata": {},
   "outputs": [
    {
     "data": {
      "text/plain": [
       "array([[1.19419411e-03, 9.96774955e-01, 2.03085072e-03],\n",
       "       [2.36817884e-03, 9.92692129e-01, 4.93969191e-03],\n",
       "       [9.58928994e-01, 3.50467514e-02, 6.02425445e-03],\n",
       "       [9.53958937e-01, 4.23740214e-02, 3.66704175e-03],\n",
       "       [4.12213078e-03, 9.84671727e-01, 1.12061418e-02],\n",
       "       [1.00133711e-02, 1.19157550e-01, 8.70829079e-01],\n",
       "       [2.43997170e-02, 3.55335550e-02, 9.40066728e-01],\n",
       "       [3.07672204e-02, 9.26968227e-01, 4.22645529e-02],\n",
       "       [3.69601174e-02, 9.51802803e-01, 1.12370797e-02],\n",
       "       [9.04093086e-03, 4.69127591e-01, 5.21831478e-01],\n",
       "       [9.75441277e-01, 1.73765539e-02, 7.18216859e-03],\n",
       "       [1.13288488e-02, 2.26054580e-01, 7.62616572e-01],\n",
       "       [5.08972523e-01, 4.41904541e-01, 4.91229356e-02],\n",
       "       [1.59638280e-02, 3.87449749e-01, 5.96586423e-01],\n",
       "       [7.56904370e-01, 2.20702893e-01, 2.23927370e-02],\n",
       "       [2.39354197e-01, 7.13118469e-01, 4.75273343e-02],\n",
       "       [2.66721921e-03, 1.27635262e-01, 8.69697519e-01],\n",
       "       [8.64609397e-03, 4.05747875e-02, 9.50779118e-01],\n",
       "       [1.39963120e-03, 9.96305398e-01, 2.29497039e-03],\n",
       "       [3.09378036e-03, 9.93836436e-01, 3.06978379e-03],\n",
       "       [1.62736422e-02, 3.02606064e-01, 6.81120294e-01],\n",
       "       [8.09292746e-01, 1.87918259e-01, 2.78899524e-03],\n",
       "       [4.65937865e-04, 9.98686353e-01, 8.47708837e-04],\n",
       "       [5.61803203e-03, 1.34098508e-01, 8.60283460e-01],\n",
       "       [9.47136125e-03, 9.89678341e-01, 8.50298101e-04],\n",
       "       [1.13973601e-02, 9.72988436e-01, 1.56142038e-02],\n",
       "       [2.30437377e-03, 9.71750000e-01, 2.59456262e-02],\n",
       "       [8.68519936e-01, 1.27829113e-01, 3.65095171e-03],\n",
       "       [6.57419319e-03, 9.85117995e-01, 8.30781178e-03],\n",
       "       [5.44624770e-01, 4.52276242e-01, 3.09898833e-03],\n",
       "       [4.58582685e-04, 9.97495957e-01, 2.04546030e-03],\n",
       "       [3.99660492e-01, 5.60542606e-01, 3.97969018e-02],\n",
       "       [5.25637405e-03, 9.86282775e-01, 8.46085063e-03],\n",
       "       [5.50884164e-03, 1.47766256e-01, 8.46724902e-01],\n",
       "       [9.54850449e-01, 3.65455217e-02, 8.60402915e-03],\n",
       "       [3.08286265e-01, 6.41021393e-01, 5.06923420e-02]])"
      ]
     },
     "execution_count": 6,
     "metadata": {},
     "output_type": "execute_result"
    }
   ],
   "source": [
    "## Building the classifier (using SVM) \n",
    "one_vs_all_svm = OneVsRestClassifier(estimator = SVC(kernel = 'rbf', probability = True)).fit(X_train, Y_train)\n",
    "\n",
    "## Predicting on the test\n",
    "one_vs_all_svm_pred = one_vs_all_svm.predict_proba(X_test)\n",
    "one_vs_all_svm_pred"
   ]
  }
 ],
 "metadata": {
  "kernelspec": {
   "display_name": "conda_python3",
   "language": "python",
   "name": "conda_python3"
  },
  "language_info": {
   "codemirror_mode": {
    "name": "ipython",
    "version": 3
   },
   "file_extension": ".py",
   "mimetype": "text/x-python",
   "name": "python",
   "nbconvert_exporter": "python",
   "pygments_lexer": "ipython3",
   "version": "3.6.13"
  }
 },
 "nbformat": 4,
 "nbformat_minor": 5
}
